数据集本处理情况记录
编号 相片个数 录屏fps 无成语帧数量 删除提前帧数量 录屏删除后总数量 人脸视频总帧数 成语总数
34819 24 31 174 6 2456.0 2308.0 28
35357 24 32 111 6 3174.0 2950.0 27
36370 24 32 34 6 3410.0 3154.0 28
34856 24 29 104 9 2899.0 2896.0 29
34526 24 16 0 2 3416.0 3116.0 28
34529 24 15 0 3 3305.0 3044.0 28
34677 24 28 0 7 4177.0 4321.0 26
34679 24 28 0 7 4091.0 4254.0 27
34681 24 28 0 5 4167.0 4299.0 28
34516 24 16 0 3 3344.0 3112.0 28
34520 24 17 0 2 4121.0 3839.0 26
33494 24 30 100 8 2649.0 2581.0 28
34457 24 30 107 5 4923.0 4781.0 31
34467 24 28 0 6 3967.0 4087.0 27
34458 24 28 0 5 4196.0 4344.0 26
34471 24 28 0 5 5358.0 5556.0 27
34464 24 28 0 9 4724.0 4898.0 28
33941 24 30 95 9 3667.0 3630.0 28
32954 24 28 0 5 3433.0 3544.0 28
34448 24 28 0 5 5008.0 5165.0 27
32911 24 28 0 6 3929.0 4046.0 28
