数据集本处理情况记录
编号 相片个数 录屏fps 无成语帧数量 删除提前帧数量 录屏删除后总数量 人脸视频总帧数 成语总数
38163 24 30 0 14 2317.0 2246.0 26
38158 24 30 0 15 2079.0 2019.0 24
38156 24 30 0 14 2326.0 2258.0 26
38157 24 30 0 14 2168.0 2106.0 24
38161 24 30 0 16 2343.0 2276.0 25
编号38070视频丢失
38155 24 30 0 15 2322.0 2251.0 26
编号38020视频丢失
38152 24 30 0 19 2045.0 1995.0 21
38153 24 31 0 9 2233.0 2146.0 25
编号38005视频丢失
编号37971视频丢失
38160 24 30 0 13 2336.0 2262.0 26
38162 24 30 0 11 2071.0 2004.0 24
38159 24 30 0 12 2351.0 2289.0 26
38019 24 30 0 4 2242.0 2179.0 25
38089 24 30 0 10 2489.0 2430.0 25
38007 24 30 0 5 2221.0 2153.0 21
38118 24 30 0 4 2348.0 2291.0 27
38023 24 30 0 4 2132.0 2069.0 26
37176 24 30 0 5 2470.0 2366.0 27
37158 24 31 0 5 2340.0 2231.0 27
37380 24 32 0 5 3565.0 3252.0 27
37155 24 31 0 6 3275.0 3091.0 26
37565 24 30 0 7 2294.0 2266.0 27
37150 24 31 0 5 1845.0 1750.0 23
37178 24 30 0 4 2560.0 2454.0 28
37147 24 30 0 4 2058.0 1967.0 27
37148 24 31 0 6 2777.0 2624.0 27
37141 24 32 0 8 2379.0 2221.0 26
37560 24 30 0 6 2481.0 2448.0 25
37145 24 31 0 4 2199.0 2103.0 25
37136 24 31 0 7 2414.0 2274.0 26
37139 24 30 0 4 2417.0 2314.0 26
37142 24 31 0 5 2066.0 1967.0 25
37132 24 31 0 6 2762.0 2622.0 26
37126 24 31 0 5 2275.0 2166.0 27
37133 24 31 0 5 2092.0 1984.0 24
37071 24 30 0 4 2622.0 2557.0 28
37078 24 31 0 7 2764.0 2626.0 24
37129 24 31 0 4 2266.0 2162.0 25
37064 24 30 0 4 2591.0 2526.0 27
37124 24 31 0 6 2690.0 2558.0 28
37075 24 30 0 6 1891.0 1864.0 25
37073 24 30 0 7 1895.0 1871.0 25
37048 24 30 0 4 2435.0 2371.0 27
37057 24 31 0 6 2780.0 2646.0 26
37054 24 31 0 5 2311.0 2195.0 25
37065 24 32 0 7 2974.0 2714.0 27
37038 24 30 0 3 2135.0 2080.0 25
37061 24 29 0 7 2943.0 2945.0 25
37055 24 28 0 8 2855.0 3002.0 28
37034 24 30 0 4 1781.0 1719.0 20
37030 24 30 0 4 1888.0 1827.0 22
37066 24 29 0 7 2532.0 2527.0 23
37072 24 28 0 7 2858.0 2999.0 28
37026 24 30 0 4 2163.0 2099.0 24
37033 24 31 0 7 2495.0 2401.0 28
37046 24 30 0 6 2004.0 1973.0 24
37028 24 31 0 6 2534.0 2436.0 27
37043 24 30 0 7 2408.0 2383.0 28
37023 24 30 0 4 2259.0 2198.0 25
37017 24 30 0 4 2291.0 2228.0 26
37021 24 31 0 7 2256.0 2162.0 26
37013 24 30 0 4 2093.0 2023.0 24
37036 24 30 0 8 1921.0 1897.0 24
37040 24 30 0 8 2560.0 2532.0 26
37022 24 28 0 7 2245.0 2346.0 26
37010 24 30 0 4 1972.0 1905.0 22
37014 24 32 0 6 2277.0 2121.0 25
37004 24 30 0 4 2364.0 2299.0 25
37003 24 32 0 5 1969.0 1815.0 22
37005 24 31 0 7 2240.0 2147.0 28
37025 24 30 0 8 1997.0 1966.0 25
37020 24 30 0 7 1905.0 1876.0 23
36997 24 32 0 6 2585.0 2398.0 26
36990 24 32 0 7 2313.0 2128.0 24
36583 24 31 0 10 2071.0 1973.0 28
37002 24 30 0 7 2112.0 2085.0 24
36788 24 30 0 6 2331.0 2268.0 27
37009 24 30 0 7 1737.0 1706.0 21
37012 24 30 0 7 4554.0 4521.0 27
36565 24 31 0 5 2034.0 1937.0 25
36572 24 31 0 6 2146.0 2055.0 26
37007 24 29 0 7 3133.0 3125.0 26
36464 24 30 0 5 2785.0 2726.0 26
36571 24 29 0 7 2157.0 2155.0 25
36463 24 31 0 6 2205.0 2111.0 27
36458 24 30 0 5 2709.0 2647.0 27
37015 24 29 0 6 3559.0 3555.0 28
37000 24 28 0 6 2527.0 2642.0 27
36444 24 31 0 6 2045.0 1952.0 25
36391 24 31 0 6 2164.0 2073.0 27
36460 24 31 0 10 1855.0 1768.0 23
36469 24 31 2018 6 2012.0 1930.0 -1
36382 24 31 0 11 1891.0 1810.0 24
36467 24 32 0 6 3057.0 2838.0 27
36451 24 30 1975 7 1968.0 1908.0 -1
36389 24 30 0 4 3529.0 3398.0 27
36377 24 31 0 6 1737.0 1655.0 24
36378 24 30 0 6 1812.0 1774.0 20
36368 24 30 0 6 2446.0 2387.0 28
36369 24 30 0 4 1868.0 1806.0 24
36360 24 30 0 5 2136.0 2051.0 24
36359 24 31 0 18 2158.0 2068.0 27
36383 24 31 0 7 2109.0 2014.0 27
36353 24 30 0 5 2242.0 2146.0 27
36355 24 31 0 5 1914.0 1828.0 25
36352 24 30 0 4 1874.0 1816.0 21
36371 24 30 0 7 2220.0 2185.0 27
36346 24 30 0 5 2693.0 2599.0 25
36385 24 30 0 7 2446.0 2410.0 25
36341 24 31 0 6 2008.0 1920.0 26
36376 24 30 2109 8 2101.0 2022.0 -1
36336 24 30 0 9 2308.0 2242.0 29
36358 24 30 2697 7 2690.0 2606.0 -1
36328 24 30 0 5 2374.0 2279.0 28
36329 24 32 0 6 3004.0 2786.0 27
36349 24 31 0 6 2204.0 2113.0 27
36370 24 32 34 6 3410.0 3154.0 28
36315 24 30 0 4 2110.0 2048.0 29
36332 24 31 0 6 2185.0 2084.0 27
36334 24 31 2808 7 2801.0 2707.0 -1
36317 24 31 2222 10 2212.0 2123.0 -1
36314 24 31 0 13 2195.0 2109.0 25
36330 24 30 0 4 2259.0 2197.0 26
36297 24 31 0 6 2322.0 2218.0 28
36312 24 30 0 6 2060.0 2029.0 24
36289 24 31 0 6 2319.0 2221.0 24
36306 24 30 0 4 1875.0 1819.0 25
36279 24 32 0 6 2709.0 2509.0 27
36295 24 30 0 4 2003.0 1944.0 26
36311 24 32 0 6 2709.0 2531.0 26
36286 24 30 0 4 1899.0 1836.0 25
36272 24 30 0 5 2065.0 1984.0 25
36292 24 31 2100 7 2093.0 1988.0 -1
36284 24 30 0 4 2701.0 2640.0 27
36258 24 30 0 5 1981.0 1888.0 25
36276 24 28 0 7 2156.0 2226.0 26
36277 24 31 2218 8 2210.0 2098.0 -1
36256 24 30 0 5 2225.0 2159.0 22
36248 24 30 0 5 2158.0 2065.0 25
36269 24 31 0 6 2354.0 2257.0 25
36262 24 30 0 5 1722.0 1652.0 23
36249 24 30 0 4 2213.0 2149.0 22
36246 24 32 0 6 2517.0 2315.0 26
36274 24 30 0 4 2719.0 2650.0 26
36245 24 30 0 4 2073.0 2007.0 26
36239 24 32 0 6 2079.0 1916.0 24
36234 24 31 0 16 1883.0 1803.0 23
36255 24 31 2390 7 2383.0 2262.0 -1
36251 24 31 0 7 2438.0 2345.0 24
36231 24 31 0 7 2186.0 2088.0 27
36229 24 30 0 5 2256.0 2171.0 25
36254 24 30 0 7 2390.0 2357.0 26
36238 24 31 0 6 2584.0 2480.0 28
36222 24 31 0 10 2029.0 1940.0 25
36233 24 32 0 6 1987.0 1802.0 25
36216 24 31 0 10 1719.0 1645.0 25
36236 24 28 0 6 2208.0 2307.0 28
36215 24 30 0 5 1839.0 1755.0 26
36230 24 30 0 5 2748.0 2692.0 28
36218 24 31 0 6 1854.0 1763.0 23
36214 24 30 0 4 1927.0 1867.0 26
36149 24 30 0 5 2063.0 1998.0 26
36217 24 32 0 6 2367.0 2174.0 26
36221 24 30 2524 8 2516.0 2430.0 -1
36135 24 31 0 9 2085.0 2003.0 26
36228 24 31 2674 6 2668.0 2556.0 -1
36140 24 30 0 5 2198.0 2141.0 25
36123 24 30 0 5 1963.0 1883.0 25
36227 24 30 0 7 2378.0 2343.0 28
36126 24 32 0 5 2438.0 2253.0 28
36133 24 29 0 7 1637.0 1676.0 24
36113 24 31 0 6 2303.0 2205.0 26
36131 24 30 0 5 2202.0 2139.0 26
36117 24 30 0 4 1977.0 1913.0 22
36137 24 31 2015 7 2008.0 1929.0 -1
36104 24 30 0 4 1688.0 1625.0 22
36128 24 30 1986 6 1980.0 1906.0 -1
36141 24 29 0 6 2212.0 2268.0 27
36051 24 31 0 13 1956.0 1867.0 26
36093 24 30 0 7 2259.0 2197.0 26
36111 24 30 0 5 1958.0 1890.0 23
36050 24 31 0 7 2289.0 2194.0 27
36056 24 31 0 7 1993.0 1902.0 23
36046 24 31 0 9 2131.0 2037.0 26
36109 24 30 1993 7 1986.0 1907.0 -1
36047 24 31 0 6 2159.0 2064.0 24
36042 24 30 0 5 1898.0 1825.0 24
36045 24 30 0 6 1735.0 1655.0 23
36038 24 30 0 5 1887.0 1797.0 25
36041 24 31 0 10 2489.0 2391.0 28
36043 24 31 0 6 2344.0 2248.0 26
36037 24 31 0 11 1949.0 1870.0 24
36032 24 32 0 6 3550.0 3310.0 26
36055 24 31 2193 6 2187.0 2105.0 -1
36052 24 31 2245 7 2238.0 2145.0 -1
36031 24 30 0 5 2306.0 2217.0 28
36049 24 31 0 6 2553.0 2389.0 29
36035 24 28 0 9 1969.0 2070.0 23
36028 24 31 0 7 2568.0 2465.0 26
36044 24 31 2424 6 2418.0 2319.0 -1
36023 24 32 0 8 2448.0 2270.0 25
36018 24 32 0 5 2146.0 1977.0 25
36025 24 31 0 23 2016.0 1938.0 26
36026 24 30 0 5 2048.0 1961.0 26
36030 24 31 1928 6 1922.0 1842.0 -1
36036 24 31 0 6 2305.0 2209.0 26
36016 24 31 0 23 2161.0 2090.0 26
36012 24 31 0 8 2308.0 2217.0 24
36005 24 30 0 5 2080.0 2015.0 23
36020 24 30 2086 6 2080.0 2002.0 -1
35996 24 30 0 5 2154.0 2092.0 24
36019 24 30 1948 6 1942.0 1881.0 -1
36007 24 30 0 4 2555.0 2491.0 26
36024 24 31 1965 20 1945.0 1879.0 -1
35992 24 30 0 4 2119.0 2053.0 25
35994 24 30 0 4 2023.0 1966.0 24
35990 24 30 0 4 2203.0 2147.0 25
35998 24 30 0 4 2176.0 2113.0 22
36017 24 30 1993 6 1987.0 1921.0 -1
35989 24 30 0 5 2547.0 2479.0 28
编号35931视频丢失
编号35921视频丢失
35987 24 30 0 4 1956.0 1900.0 22
35984 24 30 0 4 2008.0 1946.0 22
35977 24 30 0 4 2170.0 2106.0 25
35965 24 30 0 4 2460.0 2395.0 25
35982 24 30 0 4 2271.0 2215.0 24
35967 24 30 0 4 2088.0 2016.0 22
35875 24 30 0 5 2505.0 2443.0 27
编号35864视频丢失
35900 24 30 0 4 3554.0 3436.0 28
35880 24 32 0 6 3076.0 2850.0 28
35946 24 32 0 6 2496.0 2304.0 25
35874 24 31 0 7 3592.0 3431.0 28
35876 24 32 0 8 2801.0 2601.0 24
35859 24 30 0 5 2307.0 2243.0 24
35863 24 30 0 4 2370.0 2315.0 26
35962 24 25 0 7 2988.0 2956.0 27
35836 24 31 0 6 2166.0 2066.0 25
35841 24 31 0 6 2289.0 2193.0 25
35852 24 30 0 5 2868.0 2806.0 28
35835 24 32 0 6 2752.0 2548.0 27
35869 24 30 0 5 2451.0 2394.0 27
35839 24 31 0 6 2383.0 2276.0 27
35822 24 25 0 6 1735.0 1654.0 23
35812 24 25 0 6 2061.0 1967.0 26
35809 24 26 0 5 1960.0 1849.0 27
35833 24 31 0 6 2301.0 2210.0 28
35840 24 25 1790 6 1784.0 1697.0 -1
35801 24 26 0 5 1624.0 1524.0 23
35805 24 26 0 6 1936.0 1834.0 25
35799 24 25 0 6 1617.0 1542.0 24
35867 24 31 0 8 3567.0 3396.0 28
35828 24 31 0 6 2389.0 2284.0 27
35786 24 26 0 6 2040.0 1920.0 27
35789 24 30 0 5 2178.0 2116.0 26
35769 24 26 0 6 1760.0 1657.0 24
35784 24 30 0 5 2045.0 1981.0 26
35793 24 30 0 4 2145.0 2076.0 26
35777 24 26 0 5 1943.0 1849.0 26
35834 24 26 1997 6 1991.0 1893.0 -1
编号35748视频丢失
35815 24 31 0 6 2533.0 2433.0 27
35775 24 30 0 5 2029.0 1965.0 26
35831 24 25 1929 6 1923.0 1844.0 -1
35760 24 30 0 7 1841.0 1822.0 24
35743 24 26 0 6 1554.0 1446.0 24
编号35737视频丢失
35755 24 30 0 7 1942.0 1922.0 26
35744 24 30 0 5 1772.0 1683.0 22
35738 24 26 0 6 1758.0 1652.0 27
35736 24 26 0 6 1312.0 1204.0 19
35763 24 30 0 4 1782.0 1716.0 22
35754 24 30 0 5 2077.0 2017.0 25
35731 24 26 0 6 1618.0 1512.0 24
35765 24 30 0 12 2546.0 2526.0 27
35732 24 30 0 5 2668.0 2573.0 28
35725 24 26 0 6 1499.0 1383.0 23
35727 24 26 0 6 1614.0 1497.0 24
35693 24 26 0 6 1689.0 1580.0 25
35687 24 26 0 6 1574.0 1465.0 25
35690 24 32 0 6 2938.0 2704.0 27
35686 24 30 0 5 2430.0 2330.0 27
35746 24 30 0 7 1997.0 1969.0 26
35729 24 29 0 7 1757.0 1795.0 24
35734 24 31 0 5 2478.0 2353.0 25
35694 24 28 0 6 2082.0 2144.0 28
35739 24 28 0 6 2179.0 2260.0 22
35674 24 26 0 5 1576.0 1461.0 23
35681 24 30 0 6 2233.0 2141.0 27
35689 24 28 0 6 2097.0 2164.0 28
35733 24 28 0 7 2530.0 2613.0 27
35672 24 26 0 5 1562.0 1448.0 23
35685 24 32 0 6 2546.0 2350.0 26
35668 24 26 0 5 1610.0 1498.0 24
35675 24 31 0 6 3704.0 3468.0 27
35659 24 26 0 5 1441.0 1336.0 19
35682 24 30 0 9 2712.0 2680.0 27
35671 24 30 0 4 2668.0 2603.0 27
35656 24 26 0 6 1473.0 1350.0 21
35650 24 26 0 6 1677.0 1540.0 24
35664 24 26 0 6 1342.0 1258.0 17
35657 24 32 0 5 3131.0 2902.0 28
35641 24 26 0 15 1665.0 1557.0 24
35642 24 32 0 6 2297.0 2114.0 27
35677 24 30 0 6 2231.0 2196.0 24
35635 24 26 0 5 1571.0 1462.0 23
35652 24 30 0 6 2704.0 2677.0 27
35649 24 32 0 6 2941.0 2740.0 26
35665 24 32 0 6 3029.0 2824.0 27
35645 24 28 0 6 2494.0 2587.0 28
35633 24 26 0 6 1600.0 1492.0 25
35662 24 29 0 6 2210.0 2268.0 24
35623 24 26 0 5 1716.0 1587.0 26
35669 24 30 0 6 2176.0 2153.0 26
35614 24 26 0 7 1708.0 1567.0 25
35638 24 28 0 6 2267.0 2356.0 26
35606 24 26 0 6 1620.0 1514.0 24
35613 24 32 0 8 2448.0 2280.0 25
35619 24 30 0 4 2542.0 2477.0 27
35601 24 26 0 6 1539.0 1431.0 25
35632 24 30 0 6 2053.0 2020.0 25
35597 24 30 0 5 2119.0 2029.0 23
35612 24 30 0 6 2056.0 1968.0 24
35625 24 32 0 6 2342.0 2153.0 27
35630 24 32 0 6 2134.0 1965.0 26
35588 24 31 0 5 1605.0 1514.0 19
35603 24 30 0 5 3234.0 3171.0 26
35595 24 32 0 6 3846.0 3585.0 27
编号35577视频丢失
35596 24 31 0 6 1968.0 1876.0 23
35583 24 26 0 6 1656.0 1520.0 24
35634 24 32 0 6 2787.0 2569.0 28
35574 24 30 0 5 2544.0 2447.0 26
35536 24 26 0 6 1863.0 1750.0 25
35599 24 28 0 6 2506.0 2599.0 28
35580 24 30 0 5 2411.0 2353.0 26
35611 24 29 0 6 1932.0 1985.0 25
35522 24 32 0 7 2685.0 2479.0 29
35523 24 30 0 5 2237.0 2144.0 28
35520 24 26 0 7 2152.0 1982.0 27
35534 24 30 0 5 2518.0 2456.0 28
35516 24 32 0 6 2268.0 2081.0 27
35514 24 26 0 6 2013.0 1874.0 26
35517 24 30 0 9 2579.0 2479.0 28
35573 24 30 0 4 2745.0 2682.0 24
35586 24 31 0 6 2321.0 2226.0 27
35511 24 30 0 6 2101.0 2005.0 27
35513 24 31 0 6 2036.0 1942.0 24
35575 24 30 0 7 2515.0 2463.0 27
35507 24 30 0 5 1904.0 1811.0 24
35502 24 30 0 6 2300.0 2208.0 27
35582 24 30 0 11 2360.0 2334.0 26
35499 24 26 0 6 1967.0 1844.0 25
35521 24 30 0 7 2062.0 2037.0 27
35512 24 28 0 14 2584.0 2706.0 29
35508 24 31 0 6 1877.0 1786.0 21
35491 24 26 0 6 1967.0 1827.0 26
35496 24 32 0 6 2684.0 2505.0 25
35506 24 30 0 7 2355.0 2329.0 27
35501 24 30 0 13 2056.0 2029.0 26
35533 24 30 0 7 2528.0 2493.0 29
35485 24 32 0 7 2130.0 1970.0 27
35489 24 30 0 6 2213.0 2119.0 26
35487 24 26 0 5 1925.0 1800.0 24
35483 24 31 0 7 2122.0 2036.0 25
35497 24 30 0 7 2980.0 2967.0 28
35482 24 26 0 5 2110.0 1974.0 28
35479 24 26 0 5 2064.0 1924.0 26
35472 24 30 0 6 1978.0 1902.0 25
35470 24 27 0 6 2070.0 1892.0 27
35495 24 31 0 6 1944.0 1856.0 23
35465 24 26 0 6 2012.0 1881.0 25
35461 24 26 0 5 2037.0 1910.0 26
35488 24 30 0 7 2748.0 2713.0 27
35493 24 30 0 8 2215.0 2191.0 27
35457 24 26 0 15 2206.0 2067.0 26
35460 24 31 0 5 2406.0 2302.0 25
35469 24 31 0 6 2095.0 2001.0 24
35478 24 31 0 6 2100.0 2007.0 26
35481 24 30 0 8 3615.0 3570.0 27
35462 24 28 0 7 2236.0 2310.0 26
35452 24 31 0 6 2292.0 2199.0 27
35443 24 32 0 6 2157.0 1980.0 23
35436 24 32 0 6 2232.0 2043.0 24
35445 24 31 0 6 1862.0 1771.0 21
35434 24 26 0 6 1929.0 1789.0 25
35468 24 28 0 6 2311.0 2399.0 26
35435 24 30 0 6 2141.0 2039.0 24
35431 24 26 0 5 2016.0 1890.0 25
35449 24 30 0 6 2741.0 2647.0 27
35456 24 32 0 6 2450.0 2232.0 27
35458 24 28 0 7 2060.0 2167.0 26
35450 24 28 0 6 2863.0 2971.0 27
35423 24 26 0 6 1944.0 1823.0 25
35438 24 28 0 6 2975.0 3113.0 28
35421 24 30 0 6 2551.0 2467.0 25
35433 24 30 0 7 2089.0 2069.0 27
35422 24 32 0 6 2223.0 2031.0 25
35430 24 30 0 7 2198.0 2171.0 25
35446 24 30 0 7 2252.0 2231.0 26
35415 24 31 0 6 2512.0 2419.0 26
35404 24 26 0 6 1800.0 1693.0 25
35409 24 30 0 5 2699.0 2599.0 25
35425 24 31 0 6 2693.0 2589.0 26
35419 24 30 0 7 2699.0 2675.0 28
35426 24 30 0 7 2043.0 2011.0 25
35420 24 31 0 6 2554.0 2451.0 25
35408 24 29 0 7 2007.0 2000.0 25
35413 24 30 0 7 3056.0 3029.0 25
35382 24 30 0 6 2229.0 2140.0 25
35406 24 31 0 8 2303.0 2212.0 28
35400 24 30 0 7 2443.0 2419.0 27
35395 24 31 0 6 2079.0 1989.0 24
35371 24 25 0 5 2243.0 2142.0 27
35375 24 30 0 5 2065.0 1975.0 23
35368 24 26 0 5 1722.0 1616.0 25
35385 24 31 0 6 2228.0 2140.0 26
35363 24 25 0 6 1684.0 1594.0 23
35390 24 30 0 9 2479.0 2466.0 25
35376 24 30 0 8 2446.0 2423.0 26
35383 24 30 0 7 2269.0 2247.0 27
35396 24 28 0 8 2873.0 3020.0 26
35364 24 31 0 6 2375.0 2260.0 27
35357 24 32 111 6 3174.0 2950.0 27
35351 24 26 0 5 1772.0 1664.0 26
35352 24 31 0 6 2230.0 2142.0 24
35372 24 31 0 6 2725.0 2624.0 25
35348 24 30 0 5 2054.0 1960.0 25
35346 24 31 0 6 2328.0 2238.0 26
35369 24 28 0 7 2117.0 2181.0 28
35339 24 31 0 6 2735.0 2630.0 25
35334 24 31 0 6 2222.0 2131.0 25
35329 24 30 0 5 2029.0 1938.0 24
35337 24 26 0 6 1753.0 1652.0 26
35333 24 30 0 4 2283.0 2220.0 24
35342 24 32 0 6 2348.0 2143.0 25
35354 24 28 0 7 2629.0 2725.0 26
35327 24 31 0 7 2223.0 2111.0 25
35362 24 30 0 7 2515.0 2501.0 26
35316 24 26 0 5 1731.0 1617.0 24
35349 24 32 0 5 2390.0 2222.0 27
35330 24 32 0 6 2416.0 2242.0 25
35313 24 30 0 5 1906.0 1819.0 23
35317 24 31 0 6 3306.0 3183.0 30
35305 24 26 0 5 2040.0 1932.0 27
35326 24 30 0 7 2067.0 2038.0 28
35307 24 32 0 6 2026.0 1853.0 23
35318 24 32 0 6 2223.0 2044.0 24
35306 24 30 0 4 2887.0 2825.0 27
35294 24 26 0 6 1852.0 1718.0 26
35322 24 30 0 7 1996.0 1966.0 26
35298 24 32 0 6 2562.0 2354.0 27
35324 24 32 0 6 2197.0 2027.0 25
35304 24 30 0 7 2871.0 2778.0 29
35289 24 26 0 13 2390.0 2256.0 25
35315 24 30 0 6 1838.0 1806.0 24
35285 24 30 0 6 1963.0 1871.0 22
35277 24 26 0 5 2502.0 2340.0 27
35290 24 30 0 8 1993.0 1970.0 26
35311 24 30 0 4 2860.0 2795.0 24
35281 24 31 0 5 2189.0 2076.0 26
35268 24 32 0 6 2396.0 2228.0 26
35273 24 28 0 7 1948.0 2011.0 27
35264 24 26 0 6 2084.0 1931.0 27
35274 24 32 0 6 2407.0 2203.0 26
35278 24 30 0 7 2524.0 2499.0 24
35270 24 31 0 6 1814.0 1723.0 21
35265 24 30 0 4 2537.0 2473.0 28
35296 24 30 0 7 2431.0 2400.0 27
35262 24 32 0 6 2176.0 1998.0 25
35280 24 32 0 6 2628.0 2447.0 26
35245 24 30 0 6 1948.0 1856.0 21
35252 24 31 0 6 2495.0 2389.0 27
35238 24 26 0 5 2070.0 1935.0 27
35251 24 32 0 6 1999.0 1861.0 24
35261 24 31 0 6 2338.0 2190.0 28
35255 24 31 0 5 2138.0 2038.0 26
35237 24 30 0 6 2079.0 1990.0 23
35201 24 30 0 5 1859.0 1767.0 23
35267 24 30 0 8 2479.0 2458.0 28
35239 24 30 0 6 2099.0 2068.0 28
35206 24 32 0 6 2247.0 2071.0 27
35254 24 30 0 4 2481.0 2421.0 27
35257 24 28 0 6 2439.0 2530.0 27
35195 24 32 0 6 2523.0 2343.0 26
35199 24 30 0 5 2177.0 2114.0 24
35158 24 30 0 5 2296.0 2206.0 26
35149 24 30 0 5 2042.0 1949.0 26
35204 24 28 0 7 2577.0 2663.0 24
35243 24 31 0 6 2360.0 2255.0 28
35142 24 30 0 6 1920.0 1833.0 22
35148 24 31 0 6 2147.0 2047.0 24
35146 24 32 0 7 2262.0 2076.0 26
35208 24 30 0 4 2786.0 2721.0 27
35047 24 31 0 7 1606.0 1532.0 20
35196 24 31 0 6 3404.0 3267.0 28
35152 24 28 0 7 2387.0 2479.0 27
35119 24 31 0 6 2299.0 2197.0 24
35157 24 32 0 6 2277.0 2102.0 27
35036 24 30 0 6 2066.0 1984.0 22
35030 24 30 0 5 2199.0 2111.0 25
35041 24 30 0 6 3242.0 3133.0 27
35198 24 30 0 7 2592.0 2545.0 25
35039 24 29 0 7 1811.0 1805.0 24
35138 24 30 0 5 2842.0 2777.0 27
35027 24 31 0 6 2930.0 2823.0 26
35072 24 30 0 7 2021.0 1990.0 23
35011 24 31 0 7 2522.0 2426.0 26
35045 24 28 0 6 1921.0 2007.0 23
35025 24 31 0 5 2462.0 2339.0 28
35023 24 30 0 6 1848.0 1832.0 24
35005 24 31 0 6 2020.0 1928.0 25
35029 24 29 0 7 2042.0 2045.0 26
35000 24 31 0 7 2518.0 2405.0 26
35008 24 30 0 5 2323.0 2240.0 26
35009 24 29 0 6 2195.0 2189.0 27
35021 24 30 0 6 2729.0 2634.0 28
35002 24 29 0 6 1958.0 1947.0 25
35017 24 29 0 7 3022.0 3038.0 28
34996 24 31 0 5 2411.0 2322.0 26
35001 24 31 0 4 2649.0 2530.0 28
34994 24 30 0 7 2260.0 2164.0 25
34999 24 30 0 7 2203.0 2110.0 24
34993 24 31 0 6 2643.0 2543.0 28
34987 24 30 0 6 2125.0 2050.0 24
34981 24 30 0 5 2148.0 2063.0 23
34982 24 31 0 6 2138.0 2048.0 25
34985 24 30 0 5 2024.0 1936.0 24
35007 24 31 0 6 2566.0 2411.0 25
34995 24 28 0 7 3279.0 3409.0 26
34998 24 31 0 6 2341.0 2244.0 24
34992 24 31 0 5 2379.0 2249.0 26
34969 24 30 0 6 2648.0 2553.0 25
34971 24 30 0 5 2297.0 2207.0 27
34962 24 30 0 5 2215.0 2131.0 26
34988 24 28 0 7 2360.0 2454.0 27
34977 24 29 0 7 2207.0 2207.0 23
34973 24 31 0 5 2447.0 2324.0 28
34983 24 29 0 7 2322.0 2316.0 25
编号34946处理出错
34964 24 29 0 7 2009.0 2006.0 23
34965 24 31 2152 6 2146.0 2066.0 -1
编号34939处理出错
34970 24 28 0 6 2599.0 2732.0 27
34958 24 31 0 6 2093.0 1986.0 24
34949 24 31 0 5 3020.0 2908.0 27
34951 24 31 0 5 2064.0 1960.0 24
34957 24 30 2270 6 2264.0 2180.0 -1
编号34930处理出错
34943 24 31 0 5 2618.0 2510.0 28
34937 24 30 0 5 2082.0 1999.0 24
34929 24 30 0 5 2014.0 1924.0 23
34953 24 31 0 5 2296.0 2166.0 27
编号34923处理出错
34926 24 30 0 5 2291.0 2204.0 25
34944 24 31 0 5 2282.0 2162.0 26
34932 24 30 2091 8 2083.0 2013.0 -1
34928 24 31 1991 7 1984.0 1904.0 -1
34931 24 31 0 6 2416.0 2299.0 26
编号34914处理出错
34920 24 30 0 5 2180.0 2088.0 25
34924 24 31 0 5 2638.0 2513.0 27
34934 24 31 0 6 3204.0 3072.0 27
编号34908处理出错
34938 24 31 0 5 2215.0 2098.0 24
34912 24 30 0 5 2212.0 2134.0 27
34913 24 31 0 5 2919.0 2810.0 29
编号34899处理出错
34917 24 31 0 6 2795.0 2636.0 26
34915 24 30 2486 7 2479.0 2395.0 -1
34897 24 30 0 6 1773.0 1692.0 19
编号34891处理出错
34921 24 31 2333 6 2327.0 2240.0 -1
34893 24 30 0 5 1997.0 1910.0 22
34919 24 31 0 6 2867.0 2760.0 26
34909 24 31 0 7 2572.0 2450.0 26
34889 24 30 0 6 2045.0 1953.0 24
34883 24 30 0 5 1679.0 1601.0 19
34886 24 31 0 6 3154.0 3041.0 26
34906 24 31 0 6 2668.0 2566.0 27
34881 24 30 0 5 2219.0 2116.0 26
34890 24 30 2161 6 2155.0 2083.0 -1
编号34869处理出错
34867 24 30 0 6 1938.0 1872.0 22
34905 24 30 2089 7 2082.0 2021.0 -1
编号34863处理出错
34895 24 30 2773 7 2766.0 2682.0 -1
34878 24 31 0 6 2778.0 2666.0 27
34901 24 31 0 10 2307.0 2183.0 24
编号34856处理出错
34876 24 30 0 5 2396.0 2335.0 27
34880 24 30 2652 6 2646.0 2549.0 -1
34884 24 30 2100 6 2094.0 2028.0 -1
34866 24 30 1864 6 1858.0 1799.0 -1
34861 24 31 0 6 1834.0 1748.0 20
34816 24 31 0 6 2370.0 2268.0 30
34860 24 30 2368 6 2362.0 2289.0 -1
34857 24 30 2332 10 2322.0 2260.0 -1
34872 24 31 0 6 3420.0 3303.0 27
34812 24 31 0 5 2551.0 2451.0 26
34818 24 31 0 6 2407.0 2309.0 26
34819 24 31 174 6 2456.0 2308.0 28
34806 24 30 0 5 2722.0 2632.0 27
34813 24 31 0 6 2275.0 2162.0 26
34799 24 30 0 5 2654.0 2563.0 26
34802 24 31 0 5 1889.0 1801.0 25
34795 24 31 0 6 2176.0 2090.0 28
34786 24 30 0 5 2620.0 2525.0 26
34789 24 31 0 6 2016.0 1928.0 25
34778 24 31 0 6 1935.0 1844.0 25
34776 24 31 0 6 1889.0 1800.0 24
34774 24 31 0 6 2031.0 1941.0 26
34808 24 31 0 6 2373.0 2286.0 28
34762 24 30 0 6 2902.0 2797.0 27
34797 24 31 0 6 2153.0 2041.0 26
34747 24 31 0 6 3053.0 2940.0 26
34794 24 30 0 5 2489.0 2394.0 24
34793 24 31 0 6 2046.0 1948.0 24
34742 24 30 0 6 4180.0 4047.0 29
34738 24 30 0 6 4429.0 4297.0 26
34702 24 31 0 6 2360.0 2259.0 25
34740 24 31 0 6 3592.0 3456.0 28
34676 24 30 0 4 4792.0 4706.0 28
34694 24 31 0 7 2506.0 2399.0 24
34678 24 30 0 4 5916.0 5784.0 27
编号34535处理出错
编号34529处理出错
编号34528处理出错
编号34526处理出错
编号34525处理出错
编号34520处理出错
编号34518处理出错
34673 24 30 0 4 4809.0 4733.0 27
34736 24 31 0 6 3182.0 3073.0 28
编号34516处理出错
编号34515处理出错
编号34513处理出错
编号34509处理出错
编号34510处理出错
编号34507处理出错
编号34505处理出错
34680 24 30 0 5 4026.0 3924.0 28
34677 24 28 203 7 4177.0 4321.0 26
34668 24 30 0 5 4689.0 4580.0 28
34468 24 30 0 3 5517.0 5401.0 26
34681 24 28 309 5 4167.0 4299.0 28
34665 24 30 0 4 3684.0 3590.0 25
34466 24 30 0 4 5664.0 5617.0 29
34679 24 28 102 7 4091.0 4254.0 27
34457 24 30 79 5 4923.0 4781.0 30
34454 24 30 0 3 4740.0 4636.0 26
34449 24 30 0 4 4394.0 4330.0 27
34458 24 28 228 5 4196.0 4344.0 26
34471 24 28 1532 5 5358.0 5556.0 27
34452 24 28 251 5 4744.0 4884.0 28
34451 24 30 0 4 4946.0 4859.0 29
34467 24 28 333 6 3967.0 4087.0 27
34446 24 30 0 4 4658.0 4573.0 28
34440 24 30 0 3 3878.0 3821.0 29
34436 24 30 0 3 4798.0 4684.0 28
34025 24 30 0 3 4056.0 3979.0 28
34464 24 28 266 9 4724.0 4898.0 28
33981 24 31 1 3 6067.0 5867.0 27
33977 24 31 0 4 4765.0 4596.0 27
33973 24 30 0 4 3686.0 3620.0 27
34079 24 28 0 6 3126.0 2934.0 26
33946 24 41 0 11 3754.0 2733.0 27
33965 24 30 0 4 4971.0 4919.0 28
33982 24 28 0 4 4266.0 4398.0 27
编号33814视频丢失
34469 24 28 850 5 7231.0 7500.0 28
33968 24 30 0 4 4164.0 4081.0 27
33947 24 32 0 10 2586.0 2357.0 25
34448 24 28 265 5 5008.0 5165.0 27
33996 24 28 180 5 3868.0 4003.0 28
编号33771视频丢失
33941 24 30 95 9 3667.0 3630.0 28
33779 24 30 0 8 2206.0 2179.0 26
33790 24 31 0 6 2602.0 2481.0 27
33786 24 31 0 5 2368.0 2239.0 24
33737 24 31 0 5 2823.0 2693.0 24
33722 24 31 0 4 2679.0 2557.0 25
33781 24 31 0 5 2733.0 2597.0 28
33777 24 31 0 6 2332.0 2204.0 23
33934 24 30 0 6 3608.0 3575.0 28
33763 24 31 0 6 2611.0 2491.0 28
33757 24 31 1984 4 1980.0 1911.0 -1
33700 24 31 0 5 2370.0 2254.0 25
33707 24 31 0 5 2272.0 2159.0 22
编号33684处理出错
编号33681处理出错
编号33675处理出错
33703 24 31 0 5 2468.0 2341.0 26
33766 24 31 2482 4 2478.0 2387.0 -1
33721 24 30 0 6 2290.0 2266.0 26
33714 24 25 0 4 1728.0 1615.0 22
33705 24 25 0 3 2067.0 1911.0 27
33838 24 30 0 5 7189.0 6997.0 29
33678 24 30 1814 4 1810.0 1725.0 -1
33693 24 31 0 10 2447.0 2339.0 26
33666 24 26 1803 5 1798.0 1688.0 -1
33614 24 29 0 4 2416.0 2374.0 24
33610 24 29 0 5 2779.0 2730.0 28
33664 24 26 1893 6 1887.0 1763.0 -1
33598 24 29 0 5 1988.0 1946.0 21
33641 24 32 0 6 4152.0 3860.0 28
33661 24 26 2477 5 2472.0 2320.0 -1
33599 24 31 0 6 3768.0 3618.0 28
33593 24 30 0 4 1984.0 1942.0 26
33665 24 26 2185 5 2180.0 2032.0 -1
33567 24 26 0 4 3014.0 2824.0 27
33538 24 31 0 5 2472.0 2385.0 25
33519 24 30 0 6 2416.0 2341.0 27
33512 24 29 0 5 2539.0 2498.0 27
33562 24 26 11 4 1843.0 1705.0 25
33659 24 31 2799 7 2792.0 2668.0 -1
33509 24 29 0 4 2191.0 2147.0 22
33506 24 30 0 5 2825.0 2769.0 24
33503 24 29 0 5 2535.0 2495.0 25
33499 24 29 0 7 2466.0 2429.0 26
33657 24 31 2952 7 2945.0 2818.0 -1
33510 24 30 0 5 2302.0 2229.0 25
33497 24 29 0 5 2407.0 2363.0 27
编号33491视频丢失
33553 24 31 2 4 3665.0 3539.0 28
33495 24 30 0 5 2105.0 2043.0 23
33494 24 30 100 8 2649.0 2581.0 28
33500 24 30 0 5 2377.0 2313.0 26
33485 24 29 0 11 2788.0 2750.0 27
33516 24 30 0 5 2398.0 2330.0 26
33575 24 31 0 5 3515.0 3400.0 28
33488 24 30 0 5 2411.0 2347.0 25
33478 24 30 0 5 2436.0 2381.0 26
33454 24 30 0 5 2320.0 2261.0 26
33484 24 21 1474 3 1471.0 1321.0 -1
33480 24 30 0 5 2589.0 2502.0 25
33502 24 30 0 5 2155.0 2098.0 23
33450 24 30 0 5 2299.0 2222.0 27
33452 24 31 0 5 2161.0 2084.0 24
33439 24 29 0 4 2770.0 2724.0 25
33442 24 30 0 4 2636.0 2585.0 26
33493 24 30 0 5 2460.0 2382.0 27
33481 24 21 1433 3 1430.0 1286.0 -1
33434 24 30 0 5 2276.0 2215.0 24
33426 24 30 0 5 2669.0 2588.0 28
33421 24 30 0 5 2426.0 2350.0 26
编号33373处理出错
编号33369处理出错
33403 24 29 0 5 2287.0 2250.0 24
33367 24 31 0 13 2242.0 2161.0 27
33424 24 21 1786 3 1783.0 1621.0 -1
编号33363处理出错
33416 24 30 0 6 2276.0 2199.0 25
编号33359处理出错
33364 24 30 0 13 1941.0 1881.0 23
33371 24 30 0 7 1803.0 1772.0 20
编号33333处理出错
33473 24 30 0 5 3067.0 2982.0 26
33430 24 30 0 5 3010.0 2926.0 29
33374 24 30 0 6 2125.0 2097.0 25
33332 24 30 0 11 2375.0 2306.0 25
33415 24 23 2031 4 2027.0 1718.0 -1
33327 24 30 0 16 2601.0 2538.0 28
33360 24 30 0 6 2326.0 2298.0 25
33323 24 30 0 6 2045.0 2018.0 22
编号33310处理出错
33316 24 30 0 13 2341.0 2273.0 27
33365 24 30 0 7 2463.0 2436.0 25
33320 24 30 0 6 2092.0 2060.0 25
33337 24 30 0 7 3375.0 3343.0 27
33314 24 30 0 6 1845.0 1818.0 23
33294 24 30 0 14 2028.0 1966.0 24
33290 24 30 0 5 2210.0 2161.0 24
33292 24 30 0 13 2172.0 2106.0 24
33284 24 30 0 5 2251.0 2205.0 23
33328 24 30 0 7 2135.0 2111.0 24
33281 24 30 0 5 2093.0 2045.0 22
33339 24 31 0 5 2710.0 2588.0 26
33300 24 30 0 13 2186.0 2122.0 25
33276 24 30 0 4 1945.0 1893.0 22
33318 24 30 0 6 2004.0 1979.0 23
33309 24 31 0 6 1858.0 1742.0 22
33272 24 30 0 5 2117.0 2059.0 23
33278 24 30 0 5 2375.0 2332.0 26
33260 24 30 0 4 1921.0 1870.0 20
33241 24 29 0 4 2548.0 2503.0 27
33236 24 30 0 4 2360.0 2307.0 24
33230 24 29 0 5 2766.0 2723.0 27
33304 24 30 0 15 2504.0 2428.0 24
33253 24 30 0 5 2238.0 2194.0 24
33210 24 29 0 5 2508.0 2464.0 27
33265 24 30 0 4 2160.0 2115.0 24
33246 24 30 0 5 2178.0 2128.0 25
33224 24 29 0 5 2504.0 2459.0 24
33196 24 29 0 4 2755.0 2707.0 28
33275 24 30 0 4 2061.0 2004.0 22
33176 24 30 0 5 2765.0 2710.0 27
33184 24 30 0 4 2395.0 2349.0 23
33271 24 30 0 4 2508.0 2454.0 27
33149 24 30 0 4 2711.0 2661.0 27
33162 24 30 0 5 2476.0 2428.0 25
33132 24 29 0 4 2431.0 2386.0 25
33113 24 30 0 12 2481.0 2422.0 28
33082 24 30 0 13 2280.0 2211.0 26
33074 24 30 0 14 1988.0 1932.0 24
33068 24 30 0 11 1953.0 1893.0 23
33157 24 30 0 4 2495.0 2443.0 27
33144 24 30 0 4 2600.0 2551.0 26
33190 24 30 0 4 2279.0 2227.0 25
33061 24 30 0 13 2219.0 2145.0 25
33169 24 30 0 4 2435.0 2381.0 24
33028 24 30 0 5 2478.0 2424.0 27
33058 24 30 0 2 3931.0 3837.0 28
33050 24 30 0 2 3988.0 3913.0 28
33017 24 30 0 5 2503.0 2450.0 27
33011 24 30 0 4 2355.0 2309.0 25
33099 24 30 0 12 2506.0 2440.0 27
33014 24 30 0 12 2415.0 2343.0 27
33020 24 30 0 13 2186.0 2121.0 25
33004 24 30 0 5 2226.0 2177.0 24
33064 24 30 2095 7 2088.0 2020.0 -1
33045 24 30 0 12 2525.0 2463.0 27
32991 24 30 0 4 2501.0 2443.0 26
32986 24 29 0 4 2075.0 2035.0 24
32999 24 30 0 4 2346.0 2291.0 26
33025 24 30 0 4 4700.0 4578.0 26
32974 24 30 0 13 2202.0 2141.0 24
32981 24 30 0 13 2324.0 2251.0 26
32967 24 30 0 4 2463.0 2410.0 25
32965 24 30 9 13 2424.0 2361.0 27
32958 24 30 0 6 2483.0 2429.0 27
32975 24 30 0 4 2310.0 2257.0 25
32970 24 30 0 5 4902.0 4744.0 27
33010 24 30 0 12 2376.0 2314.0 28
32988 24 30 0 13 2352.0 2282.0 25
32966 24 30 1984 6 1978.0 1905.0 -1
32946 24 29 0 4 2506.0 2464.0 26
32962 24 30 1997 7 1990.0 1918.0 -1
33065 24 30 0 5 3526.0 3400.0 26
32937 24 30 0 4 2376.0 2319.0 26
32929 24 29 0 4 2550.0 2501.0 28
32954 24 28 343 5 3433.0 3544.0 28
32944 24 30 2483 6 2477.0 2378.0 -1
32938 24 31 2119 6 2113.0 2028.0 -1
32919 24 30 0 4 2656.0 2602.0 27
32914 24 30 0 4 2621.0 2567.0 25
32953 24 30 0 5 2266.0 2194.0 26
32915 24 30 0 13 2486.0 2414.0 27
32903 24 30 0 4 2324.0 2278.0 25
32906 24 30 0 11 2386.0 2314.0 24
32898 24 30 0 11 2517.0 2452.0 27
32896 24 30 0 5 2423.0 2369.0 27
32933 24 31 0 5 2962.0 2811.0 27
32940 24 30 0 5 4596.0 4444.0 28
32881 24 30 0 4 2410.0 2355.0 26
32888 24 30 0 4 2330.0 2281.0 27
32942 24 31 0 5 2637.0 2514.0 28
32889 24 30 0 13 2656.0 2583.0 27
32931 24 30 2275 6 2269.0 2190.0 -1
32874 24 30 0 4 2131.0 2082.0 24
32863 24 30 0 12 2281.0 2208.0 24
32853 24 30 0 13 2768.0 2698.0 28
32856 24 30 0 4 2433.0 2382.0 28
32913 24 30 0 6 2132.0 2095.0 25
32829 24 30 0 16 2800.0 2731.0 26
32798 24 30 0 13 2488.0 2416.0 25
32800 24 30 0 5 2241.0 2173.0 24
32880 24 30 0 12 2384.0 2326.0 24
32897 24 30 0 5 2400.0 2317.0 26
32840 24 30 0 13 2811.0 2742.0 27
32795 24 30 0 4 2061.0 2013.0 24
32825 24 31 0 5 2344.0 2240.0 22
32790 24 30 0 4 2045.0 1991.0 23
32784 24 30 0 4 2294.0 2235.0 27
32796 24 31 2269 6 2263.0 2162.0 -1
32778 24 30 0 4 2432.0 2383.0 28
32781 24 30 0 14 2709.0 2633.0 26
32774 24 30 0 4 2397.0 2345.0 26
32769 24 30 0 4 2196.0 2142.0 25
32782 24 31 1929 7 1922.0 1828.0 -1
32826 24 31 2578 7 2571.0 2455.0 -1
32767 24 30 0 5 2050.0 2002.0 23
32761 24 29 0 4 3142.0 3091.0 26
32804 24 31 2252 7 2245.0 2134.0 -1
32752 24 30 0 4 2239.0 2189.0 25
32757 24 30 0 4 2838.0 2787.0 29
32911 24 28 340 6 3929.0 4046.0 27
32792 24 31 2095 7 2088.0 1992.0 -1
32759 24 30 0 13 2735.0 2666.0 28
32730 24 30 0 4 2040.0 1983.0 24
32720 24 29 0 4 2446.0 2405.0 25
32786 24 31 2022 7 2015.0 1926.0 -1
32711 24 30 0 4 2261.0 2204.0 26
32708 24 30 0 4 2138.0 2088.0 25
32703 24 30 0 4 2183.0 2132.0 25
32697 24 30 0 12 2422.0 2356.0 28
32710 24 30 0 6 2351.0 2321.0 22
32712 24 30 0 13 2032.0 1973.0 24
32719 24 30 0 6 2268.0 2237.0 26
32718 24 31 1959 7 1952.0 1851.0 -1
32693 24 30 0 14 2380.0 2308.0 26
32680 24 30 0 10 2634.0 2615.0 25
32691 24 30 0 4 2454.0 2400.0 28
32715 24 30 0 5 2234.0 2180.0 24
32681 24 30 0 4 2284.0 2215.0 28
32705 24 30 0 12 2422.0 2358.0 27
32716 24 30 0 6 4139.0 4000.0 27
编号32671处理出错
编号32670处理出错
32679 24 30 0 4 2361.0 2298.0 27
32668 24 30 0 14 2340.0 2289.0 27
32685 24 30 0 4 1823.0 1760.0 24
32675 24 30 0 4 1937.0 1879.0 21
32665 24 30 0 15 2144.0 2094.0 25
32664 24 32 0 6 2016.0 1875.0 23
32683 24 30 0 4 1952.0 1889.0 25
32663 24 30 0 25 1767.0 1726.0 23
32662 24 32 0 6 2336.0 2133.0 27
32678 24 30 0 4 1810.0 1753.0 23
32673 24 30 0 5 2028.0 1966.0 24
32661 24 31 0 16 3849.0 3664.0 25
32695 24 30 0 5 3644.0 3522.0 27
32660 24 32 0 6 1893.0 1729.0 22
32677 24 30 0 5 2290.0 2227.0 23
32657 24 32 0 6 2368.0 2172.0 26
32653 24 30 0 12 4557.0 4496.0 28
32648 24 32 0 6 2128.0 1942.0 25
32646 24 31 2266 10 2256.0 2174.0 -1
32640 24 30 2080 6 2074.0 1991.0 -1
32658 24 30 2270 8 2262.0 2172.0 -1
32585 24 30 0 7 2111.0 2083.0 22
32572 24 32 0 6 1861.0 1709.0 24
32643 24 31 2553 8 2545.0 2461.0 -1
32649 24 31 2332 6 2326.0 2227.0 -1
32603 24 31 1996 7 1989.0 1908.0 -1
32564 24 32 0 6 2177.0 2017.0 25
32558 24 30 0 16 4677.0 4617.0 28
32582 24 30 0 6 2403.0 2321.0 27
32616 24 30 2586 7 2579.0 2506.0 -1
32537 24 30 0 18 5306.0 5249.0 28
32551 24 32 0 6 3461.0 3214.0 26
32554 24 31 0 5 2468.0 2356.0 25
32553 24 30 2638 8 2630.0 2555.0 -1
32517 24 31 0 4 2252.0 2142.0 23
32548 24 30 0 16 4999.0 4942.0 28
32509 24 30 0 14 4183.0 4128.0 27
32376 24 31 0 11 2298.0 2217.0 26
32425 24 30 2365 7 2358.0 2295.0 -1
32563 24 30 2573 8 2565.0 2489.0 -1
32341 24 30 0 16 2393.0 2327.0 26
32325 24 30 0 16 3678.0 3620.0 27
编号32282处理出错
32492 24 30 2348 8 2340.0 2255.0 -1
32401 24 30 0 5 5021.0 4871.0 28
32010 24 31 0 6 1795.0 1681.0 23
32394 24 30 4445 6 4439.0 4309.0 -1
32324 24 30 0 7 3400.0 3312.0 27
32007 24 30 0 5 2070.0 1990.0 26
32381 24 30 4023 7 4016.0 3920.0 -1
编号31822处理出错
32323 24 31 0 6 2052.0 1937.0 24
31912 24 30 0 5 2399.0 2309.0 24
32320 24 31 0 5 2236.0 2115.0 23
32009 24 32 0 6 2772.0 2546.0 27
31820 24 31 0 8 2197.0 2101.0 23
32006 24 26 1647 6 1641.0 1547.0 -1
32369 24 30 3235 7 3228.0 3148.0 -1
31817 24 26 0 4 2257.0 2136.0 27
31698 24 32 0 5 2429.0 2241.0 27
编号31671处理出错
31693 24 30 9 21 2875.0 2830.0 26
编号31661处理出错
编号31654处理出错
31774 24 31 0 6 2212.0 2123.0 25
编号31642处理出错
编号31628处理出错
编号31625处理出错
31824 24 30 0 7 2541.0 2424.0 27
31692 24 29 0 5 4532.0 4476.0 26
编号31618处理出错
31816 24 32 0 6 2850.0 2635.0 26
编号31607处理出错
编号31602处理出错
编号31598处理出错
编号31589处理出错
编号31588处理出错
编号31583处理出错
31653 24 32 0 7 2482.0 2287.0 26
31622 24 32 0 5 3210.0 2980.0 26
31666 24 30 0 6 1974.0 1948.0 22
31730 24 31 0 5 2303.0 2194.0 23
31621 24 26 1527 5 1522.0 1433.0 -1
31705 24 30 0 7 2195.0 2167.0 24
31685 24 32 0 6 2365.0 2168.0 24
31614 24 32 0 6 2763.0 2557.0 28
31581 24 25 1854 6 1848.0 1760.0 -1
